0.008599519729614258
0.017000675201416016
0.021999835968017578
0.035513877868652344
0.05800485610961914
0.07300615310668945
0.07011604309082031
0.14892959594726562
0.2040257453918457
0.13853001594543457
0.27605247497558594
0.5096127986907959
0.29422855377197266
0.4320638179779053
0.6341731548309326
0.31960296630859375
0.8522708415985107
0.8760983943939209
0.5565135478973389
1.1190550327301025
1.2839055061340332
0.7280473709106445
1.011422872543335
2.188460111618042
0.7601218223571777
1.5243077278137207
2.2728350162506104
0.9461483955383301
1.8908376693725586
2.7584497928619385
1.4231867790222168
2.3157012462615967
2.8214404582977295
1.4160349369049072
2.7032830715179443
3.8359856605529785
1.9797749519348145
4.1508400440216064
3.9994566440582275
1.9538486003875732
4.910297632217407
5.553876638412476
2.208428144454956
3.6677815914154053
5.504613399505615
