0.0
0.015624284744262695
0.03165483474731445
0.04689478874206543
0.06293821334838867
0.09298157691955566
0.08033084869384766
0.14311814308166504
0.2076399326324463
0.13347101211547852
0.32769250869750977
0.5549411773681641
0.281451940536499
0.44948577880859375
0.6457216739654541
0.3584566116333008
0.8208177089691162
0.8016078472137451
0.5848817825317383
1.0563232898712158
1.3924343585968018
0.7777824401855469
1.0269618034362793
2.080195188522339
0.8833849430084229
1.6730170249938965
2.3644065856933594
0.9140338897705078
1.9120383262634277
2.615894079208374
1.4412384033203125
2.285531997680664
3.002851963043213
1.4042677879333496
2.643231153488159
3.8522720336914062
2.0907068252563477
4.006640195846558
4.064510822296143
1.8510794639587402
4.8820109367370605
5.477206468582153
2.2084977626800537
3.5793068408966064
5.413612604141235
