0.017525672912597656
0.016998767852783203
0.02299976348876953
0.060521841049194336
0.06351327896118164
0.07451510429382324
0.08751559257507324
0.14351248741149902
0.21806120872497559
0.12852692604064941
0.26949095726013184
0.510035514831543
0.27324700355529785
0.4422433376312256
0.6346137523651123
0.3353409767150879
0.7953064441680908
0.8509581089019775
0.6395993232727051
1.2125449180603027
1.4514434337615967
0.7987511157989502
1.0562872886657715
2.2316529750823975
0.7368900775909424
1.5492520332336426
2.281606435775757
0.908759593963623
1.8606793880462646
2.686267852783203
1.39009428024292
2.332472324371338
2.7600810527801514
1.474724531173706
2.65692400932312
3.9694745540618896
1.968742847442627
4.012643098831177
4.02247428894043
1.7790842056274414
4.72515606880188
5.276788949966431
2.2353148460388184
3.6142947673797607
5.6155617237091064
