0.007907390594482422
0.01744985580444336
0.022864818572998047
0.027223587036132812
0.07724618911743164
0.07954621315002441
0.07747650146484375
0.15069317817687988
0.23049545288085938
0.14694833755493164
0.39027881622314453
0.6304316520690918
0.28324341773986816
0.47652268409729004
0.6807334423065186
0.3263206481933594
0.8190782070159912
0.87351393699646
0.5580220222473145
1.1670894622802734
1.2848398685455322
0.9057564735412598
1.005338430404663
2.4161734580993652
0.7983682155609131
1.5147318840026855
2.29636549949646
1.206512451171875
1.8984801769256592
2.737391233444214
1.3949968814849854
2.332749366760254
2.7841978073120117
1.6902744770050049
2.754404306411743
4.162470817565918
2.1925604343414307
3.963322639465332
4.20091986656189
1.833481788635254
4.69936990737915
5.565406799316406
2.193925142288208
3.7462100982666016
5.400140762329102
