0.017026185989379883
0.017609357833862305
0.021925926208496094
0.0349431037902832
0.07593083381652832
0.07233023643493652
0.06945514678955078
0.1407923698425293
0.2044980525970459
0.12786126136779785
0.2548656463623047
0.49370622634887695
0.25296735763549805
0.4334123134613037
0.6604104042053223
0.3298025131225586
0.8192727565765381
0.8558187484741211
0.5573654174804688
1.0731956958770752
1.3296504020690918
0.6963038444519043
0.9419195652008057
2.1353394985198975
0.7317397594451904
1.5770153999328613
2.2965638637542725
0.9010417461395264
2.026745080947876
3.0744845867156982
1.6355171203613281
2.484269380569458
3.2694900035858154
1.5015795230865479
2.6819586753845215
4.587746620178223
2.8745367527008057
4.240548372268677
4.302842855453491
1.8599159717559814
4.837173223495483
5.289578199386597
2.231863498687744
3.5857367515563965
5.518945693969727
