0.010997772216796875
0.021997690200805664
0.02699875831604004
0.03763890266418457
0.0665140151977539
0.10102295875549316
0.07623863220214844
0.14493465423583984
0.2164297103881836
0.12799763679504395
0.27019214630126953
0.49454402923583984
0.26233863830566406
0.4414634704589844
0.626589298248291
0.3010532855987549
0.8406898975372314
0.8064553737640381
0.589590311050415
1.0641405582427979
1.2607426643371582
0.7133898735046387
0.9605178833007812
2.094510316848755
0.8221781253814697
1.5432422161102295
2.3596935272216797
0.9255282878875732
2.040296792984009
2.7304608821868896
1.4095282554626465
2.414245843887329
2.8823912143707275
1.416149616241455
3.088009834289551
3.9588513374328613
2.0734755992889404
4.154442548751831
3.9886624813079834
2.0206050872802734
4.648375034332275
5.440542459487915
2.1968276500701904
3.6300692558288574
5.517676591873169
