0.009295463562011719
0.01669931411743164
0.022097349166870117
0.03496050834655762
0.057733774185180664
0.07295346260070801
0.07137227058410645
0.13994789123535156
0.20398759841918945
0.1266491413116455
0.2527782917022705
0.47317981719970703
0.2591228485107422
0.4145522117614746
0.6135649681091309
0.30159997940063477
0.7661449909210205
0.8179423809051514
0.5277318954467773
1.0648293495178223
1.2757582664489746
0.7249228954315186
1.0066344738006592
2.062387228012085
0.73177170753479
1.5381014347076416
2.1698923110961914
0.9387311935424805
1.7575695514678955
2.5808677673339844
1.3437283039093018
2.3106162548065186
2.912755012512207
1.4233286380767822
2.6718997955322266
3.8199172019958496
2.079949140548706
4.119158029556274
4.4461517333984375
2.3561878204345703
5.081780672073364
5.487390518188477
2.2024314403533936
3.7188873291015625
5.5438361167907715
