0.009002685546875
0.01657557487487793
0.0220181941986084
0.0351252555847168
0.05800271034240723
0.07399845123291016
0.06999468803405762
0.14479351043701172
0.21263337135314941
0.14583992958068848
0.3024442195892334
0.5986001491546631
0.31058526039123535
0.43501901626586914
0.6355969905853271
0.33295345306396484
0.8606410026550293
0.8586432933807373
0.6042649745941162
1.138709545135498
1.2821462154388428
0.7287278175354004
0.9660539627075195
2.122391939163208
0.773266077041626
1.6065170764923096
2.2650585174560547
1.004483938217163
1.7833218574523926
2.691098213195801
1.3953478336334229
2.3084168434143066
2.903730630874634
1.3339629173278809
2.725118398666382
3.833789348602295
1.9844651222229004
3.982877016067505
3.9759011268615723
2.439681053161621
4.656463861465454
5.531265735626221
2.1110475063323975
3.5486223697662354
5.189640760421753
