0.01102304458618164
0.02503180503845215
0.0370028018951416
0.03904557228088379
0.06699180603027344
0.07955360412597656
0.06983280181884766
0.15731024742126465
0.21904730796813965
0.1551496982574463
0.2505924701690674
0.529109001159668
0.2855494022369385
0.4860544204711914
0.6421787738800049
0.30906200408935547
0.8135998249053955
0.8524367809295654
0.545140266418457
1.2073121070861816
1.2623326778411865
0.7815768718719482
1.0071654319763184
2.169132709503174
0.8272178173065186
1.5490686893463135
2.277801990509033
0.9591848850250244
1.8040533065795898
2.7371346950531006
1.3910915851593018
2.387770652770996
2.842406988143921
1.4561164379119873
2.788469076156616
4.139883756637573
2.0549607276916504
4.156881332397461
4.068823337554932
1.885709285736084
4.8218467235565186
5.466190814971924
2.2043111324310303
3.5947046279907227
5.232773065567017
